# amplicon position	effect
1	0.000000000000000000e+00
2	0.000000000000000000e+00
3	0.000000000000000000e+00
4	0.000000000000000000e+00
5	0.000000000000000000e+00
6	0.000000000000000000e+00
7	0.000000000000000000e+00
8	0.000000000000000000e+00
9	0.000000000000000000e+00
10	0.000000000000000000e+00
11	0.000000000000000000e+00
12	0.000000000000000000e+00
13	0.000000000000000000e+00
14	0.000000000000000000e+00
15	0.000000000000000000e+00
16	0.000000000000000000e+00
17	0.000000000000000000e+00
18	1.136628419120363186e-03
19	1.704942628680544995e-03
20	5.683142095601815928e-04
21	1.704942628680544995e-03
22	5.683142095601815928e-04
23	3.978199466921271583e-03
24	1.136628419120363186e-03
25	1.136628419120363186e-03
26	4.546513676481452743e-03
27	1.136628419120363186e-03
28	1.704942628680544995e-03
29	1.136628419120363186e-03
30	1.704942628680544995e-03
31	1.136628419120363186e-03
32	5.114827886041634769e-03
33	1.136628419120363186e-03
34	1.136628419120363186e-03
35	1.704942628680544995e-03
36	1.136628419120363186e-03
37	1.136628419120363186e-03
38	2.841571047800907964e-03
39	1.136628419120363186e-03
40	3.409885257361089991e-03
41	1.136628419120363186e-03
42	1.136628419120363186e-03
43	1.136628419120363186e-03
44	5.114827886041634769e-03
45	9.661341562523087512e-03
46	2.841571047800907964e-03
47	1.307122681988417794e-02
48	1.704942628680544995e-03
49	1.136628419120363186e-03
50	6.251456305161997955e-03
51	1.704942628680544995e-03
52	1.704942628680544995e-03
53	7.388084724282361140e-03
54	2.273256838240726371e-03
55	5.683142095601815928e-04
56	5.683142095601815928e-04
57	1.136628419120363186e-03
58	1.136628419120363186e-03
59	1.136628419120363186e-03
60	5.683142095601815928e-04
61	5.683142095601815928e-04
62	5.683142095601815928e-04
63	5.683142095601815928e-04
64	5.683142095601815928e-04
65	5.683142095601815928e-04
66	5.683142095601815928e-04
67	0.000000000000000000e+00
68	0.000000000000000000e+00
69	0.000000000000000000e+00
70	0.000000000000000000e+00
71	0.000000000000000000e+00
72	0.000000000000000000e+00
73	0.000000000000000000e+00
74	0.000000000000000000e+00
75	0.000000000000000000e+00
76	0.000000000000000000e+00
77	0.000000000000000000e+00
78	0.000000000000000000e+00
79	0.000000000000000000e+00
80	0.000000000000000000e+00
81	0.000000000000000000e+00
82	0.000000000000000000e+00
83	0.000000000000000000e+00
84	0.000000000000000000e+00
85	0.000000000000000000e+00
86	0.000000000000000000e+00
87	0.000000000000000000e+00
88	0.000000000000000000e+00
89	0.000000000000000000e+00
90	0.000000000000000000e+00
91	0.000000000000000000e+00
92	0.000000000000000000e+00
93	0.000000000000000000e+00
94	0.000000000000000000e+00
95	0.000000000000000000e+00
96	0.000000000000000000e+00
97	0.000000000000000000e+00
98	0.000000000000000000e+00
99	0.000000000000000000e+00
100	0.000000000000000000e+00
101	0.000000000000000000e+00
102	0.000000000000000000e+00
103	0.000000000000000000e+00
104	0.000000000000000000e+00
105	0.000000000000000000e+00
106	0.000000000000000000e+00
107	0.000000000000000000e+00
108	0.000000000000000000e+00
109	0.000000000000000000e+00
110	0.000000000000000000e+00
111	0.000000000000000000e+00
112	0.000000000000000000e+00
113	0.000000000000000000e+00
114	0.000000000000000000e+00
115	0.000000000000000000e+00
116	0.000000000000000000e+00
117	0.000000000000000000e+00
118	0.000000000000000000e+00
119	0.000000000000000000e+00
120	0.000000000000000000e+00
121	0.000000000000000000e+00
122	0.000000000000000000e+00
123	0.000000000000000000e+00
124	0.000000000000000000e+00
125	0.000000000000000000e+00
126	0.000000000000000000e+00
127	0.000000000000000000e+00
128	0.000000000000000000e+00
129	0.000000000000000000e+00
130	0.000000000000000000e+00
131	0.000000000000000000e+00
132	0.000000000000000000e+00
133	0.000000000000000000e+00
134	0.000000000000000000e+00
135	0.000000000000000000e+00
136	0.000000000000000000e+00
137	0.000000000000000000e+00
138	0.000000000000000000e+00
139	0.000000000000000000e+00
140	0.000000000000000000e+00
141	0.000000000000000000e+00
142	0.000000000000000000e+00
143	0.000000000000000000e+00
144	0.000000000000000000e+00
145	0.000000000000000000e+00
146	0.000000000000000000e+00
147	0.000000000000000000e+00
148	0.000000000000000000e+00
149	0.000000000000000000e+00
150	0.000000000000000000e+00
151	0.000000000000000000e+00
152	0.000000000000000000e+00
153	0.000000000000000000e+00
154	0.000000000000000000e+00
155	0.000000000000000000e+00
156	0.000000000000000000e+00
157	0.000000000000000000e+00
158	0.000000000000000000e+00
159	0.000000000000000000e+00
160	0.000000000000000000e+00
161	0.000000000000000000e+00
162	0.000000000000000000e+00
163	0.000000000000000000e+00
164	0.000000000000000000e+00
165	0.000000000000000000e+00
166	0.000000000000000000e+00
167	0.000000000000000000e+00
168	0.000000000000000000e+00
169	0.000000000000000000e+00
170	0.000000000000000000e+00
171	0.000000000000000000e+00
172	0.000000000000000000e+00
173	0.000000000000000000e+00
174	0.000000000000000000e+00
175	0.000000000000000000e+00
176	0.000000000000000000e+00
177	0.000000000000000000e+00
178	0.000000000000000000e+00
179	0.000000000000000000e+00
180	0.000000000000000000e+00
181	0.000000000000000000e+00
182	0.000000000000000000e+00
183	0.000000000000000000e+00
184	0.000000000000000000e+00
185	0.000000000000000000e+00
186	0.000000000000000000e+00
187	0.000000000000000000e+00
188	0.000000000000000000e+00
189	0.000000000000000000e+00
190	0.000000000000000000e+00
191	0.000000000000000000e+00
192	0.000000000000000000e+00
193	0.000000000000000000e+00
194	0.000000000000000000e+00
195	0.000000000000000000e+00
196	0.000000000000000000e+00
197	0.000000000000000000e+00
198	0.000000000000000000e+00
199	0.000000000000000000e+00
200	0.000000000000000000e+00
201	0.000000000000000000e+00
202	0.000000000000000000e+00
203	0.000000000000000000e+00
204	0.000000000000000000e+00
205	0.000000000000000000e+00
206	0.000000000000000000e+00
207	0.000000000000000000e+00
208	0.000000000000000000e+00
209	0.000000000000000000e+00
210	0.000000000000000000e+00
211	0.000000000000000000e+00
212	0.000000000000000000e+00
213	0.000000000000000000e+00
