# amplicon position	effect
1	0.000000000000000000e+00
2	0.000000000000000000e+00
3	0.000000000000000000e+00
4	0.000000000000000000e+00
5	0.000000000000000000e+00
6	0.000000000000000000e+00
7	0.000000000000000000e+00
8	0.000000000000000000e+00
9	0.000000000000000000e+00
10	0.000000000000000000e+00
11	0.000000000000000000e+00
12	0.000000000000000000e+00
13	0.000000000000000000e+00
14	0.000000000000000000e+00
15	0.000000000000000000e+00
16	0.000000000000000000e+00
17	0.000000000000000000e+00
18	0.000000000000000000e+00
19	0.000000000000000000e+00
20	0.000000000000000000e+00
21	0.000000000000000000e+00
22	0.000000000000000000e+00
23	0.000000000000000000e+00
24	0.000000000000000000e+00
25	0.000000000000000000e+00
26	0.000000000000000000e+00
27	0.000000000000000000e+00
28	0.000000000000000000e+00
29	0.000000000000000000e+00
30	0.000000000000000000e+00
31	0.000000000000000000e+00
32	0.000000000000000000e+00
33	0.000000000000000000e+00
34	0.000000000000000000e+00
35	4.430110575559965806e-04
36	4.430110575559965806e-04
37	4.430110575559965806e-04
38	4.430110575559965806e-04
39	4.430110575559965806e-04
40	4.430110575559965806e-04
41	4.430110575559965806e-04
42	4.430110575559965806e-04
43	4.430110575559965806e-04
44	4.430110575559965806e-04
45	4.430110575559965806e-04
46	4.430110575559965806e-04
47	4.430110575559965806e-04
48	4.430110575559965806e-04
49	4.430110575559965806e-04
50	4.430110575559965806e-04
51	4.430110575559965806e-04
52	4.430110575559965806e-04
53	4.430110575559965806e-04
54	4.430110575559965806e-04
55	4.430110575559965806e-04
56	4.430110575559965806e-04
57	4.430110575559965806e-04
58	4.430110575559965806e-04
59	4.430110575559965806e-04
60	8.860221151119931611e-04
61	8.860221151119931611e-04
62	8.860221151119931611e-04
63	8.860221151119931611e-04
64	8.860221151119931611e-04
65	8.860221151119931611e-04
66	8.860221151119931611e-04
67	8.860221151119931611e-04
68	8.860221151119931611e-04
69	8.860221151119931611e-04
70	8.860221151119931611e-04
71	8.860221151119931611e-04
72	8.860221151119931611e-04
73	8.860221151119931611e-04
74	8.860221151119931611e-04
75	8.860221151119931611e-04
76	8.860221151119931611e-04
77	8.860221151119931611e-04
78	8.860221151119931611e-04
79	8.860221151119931611e-04
80	8.860221151119931611e-04
81	8.860221151119931611e-04
82	8.860221151119931611e-04
83	8.860221151119931611e-04
84	2.215055287779983065e-03
85	1.329033172667989796e-03
86	8.860221151119931611e-04
87	8.860221151119931611e-04
88	8.860221151119931611e-04
89	8.860221151119931611e-04
90	8.860221151119931611e-04
91	1.329033172667989796e-03
92	1.329033172667989796e-03
93	1.329033172667989796e-03
94	9.303232208675928788e-03
95	1.329033172667989796e-03
96	3.544088460447972645e-03
97	8.860221151119931611e-04
98	8.860221151119931611e-04
99	1.329033172667989796e-03
100	1.329033172667989796e-03
101	8.860221151119931611e-04
102	1.240430961156790447e-02
103	2.525163028069180721e-02
104	8.860221151119931611e-04
105	8.860221151119931611e-04
106	8.860221151119931611e-04
107	8.860221151119931611e-04
108	3.544088460447972645e-03
109	8.860221151119931611e-04
110	8.860221151119931611e-04
111	8.860221151119932262e-03
112	1.772044230223986322e-03
113	1.329033172667989796e-03
114	8.860221151119931611e-04
115	3.544088460447972645e-03
116	1.772044230223986322e-03
117	1.329033172667989796e-03
118	1.329033172667989796e-03
119	3.544088460447972645e-03
120	2.215055287779983065e-03
121	1.329033172667989796e-03
122	1.329033172667989796e-03
123	8.860221151119931611e-04
124	8.860221151119931611e-04
125	8.860221151119931611e-04
126	8.860221151119931611e-04
127	8.860221151119931611e-04
128	8.860221151119931611e-04
129	8.860221151119931611e-04
130	8.860221151119931611e-04
131	8.860221151119931611e-04
132	8.860221151119931611e-04
133	8.860221151119931611e-04
134	8.860221151119931611e-04
135	8.860221151119931611e-04
136	8.860221151119931611e-04
137	8.860221151119931611e-04
138	4.430110575559965806e-04
139	4.430110575559965806e-04
140	4.430110575559965806e-04
141	4.430110575559965806e-04
142	4.430110575559965806e-04
143	4.430110575559965806e-04
144	0.000000000000000000e+00
145	0.000000000000000000e+00
146	0.000000000000000000e+00
147	0.000000000000000000e+00
148	0.000000000000000000e+00
149	0.000000000000000000e+00
150	0.000000000000000000e+00
151	0.000000000000000000e+00
152	0.000000000000000000e+00
153	0.000000000000000000e+00
154	0.000000000000000000e+00
155	0.000000000000000000e+00
156	0.000000000000000000e+00
157	0.000000000000000000e+00
158	0.000000000000000000e+00
159	0.000000000000000000e+00
160	0.000000000000000000e+00
161	0.000000000000000000e+00
162	0.000000000000000000e+00
163	0.000000000000000000e+00
164	0.000000000000000000e+00
165	0.000000000000000000e+00
166	0.000000000000000000e+00
167	0.000000000000000000e+00
168	0.000000000000000000e+00
169	0.000000000000000000e+00
170	0.000000000000000000e+00
171	0.000000000000000000e+00
172	0.000000000000000000e+00
173	0.000000000000000000e+00
174	0.000000000000000000e+00
175	0.000000000000000000e+00
176	0.000000000000000000e+00
177	0.000000000000000000e+00
178	0.000000000000000000e+00
179	0.000000000000000000e+00
180	0.000000000000000000e+00
181	0.000000000000000000e+00
182	0.000000000000000000e+00
183	0.000000000000000000e+00
184	0.000000000000000000e+00
185	0.000000000000000000e+00
186	0.000000000000000000e+00
187	0.000000000000000000e+00
188	0.000000000000000000e+00
189	0.000000000000000000e+00
190	0.000000000000000000e+00
191	0.000000000000000000e+00
192	0.000000000000000000e+00
193	0.000000000000000000e+00
194	0.000000000000000000e+00
195	0.000000000000000000e+00
196	0.000000000000000000e+00
197	0.000000000000000000e+00
198	0.000000000000000000e+00
199	0.000000000000000000e+00
200	0.000000000000000000e+00
201	0.000000000000000000e+00
202	0.000000000000000000e+00
203	0.000000000000000000e+00
204	0.000000000000000000e+00
205	0.000000000000000000e+00
206	0.000000000000000000e+00
207	0.000000000000000000e+00
208	0.000000000000000000e+00
209	0.000000000000000000e+00
210	0.000000000000000000e+00
211	0.000000000000000000e+00
212	0.000000000000000000e+00
213	0.000000000000000000e+00
214	0.000000000000000000e+00
215	0.000000000000000000e+00
216	0.000000000000000000e+00
217	0.000000000000000000e+00
218	0.000000000000000000e+00
219	0.000000000000000000e+00
220	0.000000000000000000e+00
221	0.000000000000000000e+00
222	0.000000000000000000e+00
223	0.000000000000000000e+00
224	0.000000000000000000e+00
225	0.000000000000000000e+00
226	0.000000000000000000e+00
227	0.000000000000000000e+00
228	0.000000000000000000e+00
229	0.000000000000000000e+00
230	0.000000000000000000e+00
231	0.000000000000000000e+00
232	0.000000000000000000e+00
233	0.000000000000000000e+00
234	0.000000000000000000e+00
235	0.000000000000000000e+00
236	0.000000000000000000e+00
237	0.000000000000000000e+00
238	0.000000000000000000e+00
239	0.000000000000000000e+00
240	0.000000000000000000e+00
241	0.000000000000000000e+00
242	0.000000000000000000e+00
243	0.000000000000000000e+00
244	0.000000000000000000e+00
245	0.000000000000000000e+00
246	0.000000000000000000e+00
247	0.000000000000000000e+00
248	0.000000000000000000e+00
249	0.000000000000000000e+00
250	0.000000000000000000e+00
251	0.000000000000000000e+00
252	0.000000000000000000e+00
253	0.000000000000000000e+00
254	0.000000000000000000e+00
255	0.000000000000000000e+00
256	0.000000000000000000e+00
257	0.000000000000000000e+00
258	0.000000000000000000e+00
259	0.000000000000000000e+00
260	0.000000000000000000e+00
261	0.000000000000000000e+00
262	0.000000000000000000e+00
263	0.000000000000000000e+00
